1	0	4138
2	4138	2283
3	6421	2730
5	9151	8818
6	17969	5429
7	23398	245
8	23643	3286
9	26929	8601
10	35530	2749
11	38279	2401
12	40680	4312
13	44992	1990
14	46982	2687
15	49669	2118
16	51787	1420
19	53207	21047
20	74254	4877
21	79131	1611
22	80742	7387
23	88129	304
25	88433	6015
26	94448	4575
27	99023	5066
28	104089	2889
29	106978	1981
30	108959	10469
31	119428	2322
32	121750	4613
33	126363	7471
34	133834	5646
35	139480	6346
37	145826	7719
38	153545	10135
39	163680	11129
40	174809	13457
41	188266	6477
42	194743	14291
43	209034	14163
44	223197	794
45	223991	458
46	224449	302
47	224751	16356
48	241107	5334
49	246441	2310
50	248751	4283
51	253034	8603
52	261637	12566
53	274203	3006
54	277209	9140
55	286349	4457
56	290806	12616
57	303422	10189
58	313611	5419
59	319030	1958
60	320988	6973
61	327961	6440
62	334401	3944
63	338345	7843
64	346188	14084
65	360272	4551
66	364823	5639
67	370462	2124
68	372586	4167
69	376753	3896
70	380649	2858
71	383507	3129
72	386636	9387
73	396023	4568
74	400591	2884
75	403475	2380
76	405855	9636
77	415491	4700
78	420191	6061
79	426252	7132
80	433384	5266
81	438650	3593
82	442243	3730
83	445973	17362
84	463335	2396
85	465731	4427
86	470158	5854
87	476012	2494
88	478506	6474
89	484980	3575
90	488555	4917
91	493472	16103
92	509575	2572
93	512147	3204
94	515351	5184
95	520535	8956
96	529491	7046
97	536537	8782
98	545319	21617
99	566936	17850
100	584786	5381
101	590167	5083
102	595250	3956
103	599206	7029
104	606235	5860
105	612095	2695
106	614790	5040
107	619830	10050
108	629880	4490
109	634370	4634
110	639004	8057
111	647061	5598
112	652659	2398
113	655057	4461
114	659518	8179
115	667697	3923
116	671620	11533
117	683153	8880
118	692033	3941
119	695974	1901
120	697875	3984
121	701859	4396
122	706255	3485
123	709740	5497
124	715237	15794
125	731031	31767
126	762798	11796
127	774594	2816
128	777410	3535
129	780945	2194
130	783139	4108
131	787247	3571
132	790818	2482
133	793300	9570
134	802870	2622
135	805492	2927
136	808419	4144
137	812563	3559
138	816122	2897
139	819019	13620
140	832639	3387
141	836026	978
142	837004	3023
143	840027	4320
144	844347	3243
145	847590	9880
146	857470	7694
147	865164	5956
148	871120	8268
149	879388	26669
150	906057	12008
151	918065	15362
152	933427	40215
153	973642	32908
154	1006550	4951
155	1011501	15289
156	1026790	23279
157	1050069	3623
158	1053692	2565
159	1056257	5105
160	1061362	3704
161	1065066	3794
163	1068860	3711
164	1072571	3290
165	1075861	4541
166	1080402	2813
167	1083215	5012
168	1088227	8053
169	1096280	4648
170	1100928	3501
171	1104429	3938
172	1108367	5049
173	1113416	2252
174	1115668	1890
176	1117558	4306
177	1121864	3300
178	1125164	3172
179	1128336	4251
180	1132587	2811
181	1135398	8386
182	1143784	4811
183	1148595	8197
184	1156792	10039
185	1166831	1304
186	1168135	7511
187	1175646	16477
188	1192123	6771
189	1198894	8756
190	1207650	5359
191	1213009	2689
192	1215698	1433
193	1217131	3831
194	1220962	3722
195	1224684	1500
196	1226184	9737
197	1235921	12153
199	1248074	3526
200	1251600	4873
201	1256473	2091
202	1258564	2836
204	1261400	24379
205	1285779	2013
206	1287792	2947
207	1290739	1153
208	1291892	2170
209	1294062	17666
211	1311728	3836
212	1315564	821
213	1316385	1409
214	1317794	829
215	1318623	1484
216	1320107	817
217	1320924	830
218	1321754	1425
219	1323179	1433
220	1324612	1537
222	1326149	874
223	1327023	1492
224	1328515	877
226	1329392	1403
227	1330795	865
228	1331660	1428
229	1333088	866
230	1333954	871
232	1334825	1511
233	1336336	1472
234	1337808	815
235	1338623	834
237	1339457	866
241	1340323	1424
243	1341747	817
245	1342564	1486
247	1344050	1455
248	1345505	1501
249	1347006	818
258	1347824	882
259	1348706	1516
260	1350222	831
261	1351053	824
262	1351877	850
263	1352727	813
264	1353540	1535
267	1355075	1557
268	1356632	812
269	1357444	1464
271	1358908	829
272	1359737	391
273	1360128	667
275	1360795	362
276	1361157	695
277	1361852	589
278	1362441	491
280	1362932	642
281	1363574	503
282	1364077	597
283	1364674	602
284	1365276	410
285	1365686	407
286	1366093	579
287	1366672	459
288	1367131	759
289	1367890	534
292	1368424	377
293	1368801	463
296	1369264	5484
301	1374748	387
302	1375135	6378
303	1381513	9972
304	1391485	7905
305	1399390	4344
306	1403734	6784
307	1410518	6238
308	1416756	3198
309	1419954	2555
310	1422509	1586
311	1424095	4020
312	1428115	3260
313	1431375	3848
314	1435223	2989
315	1438212	28746
316	1466958	7252
317	1474210	6270
318	1480480	1765
319	1482245	1800
320	1484045	1544
321	1485589	1225
323	1486814	18614
324	1505428	11786
325	1517214	12158
326	1529372	9378
327	1538750	8847
328	1547597	7152
329	1554749	13994
332	1568743	14205
336	1582948	17985
337	1600933	11147
338	1612080	12666
339	1624746	1201
340	1625947	5648
341	1631595	4151
342	1635746	5182
343	1640928	18817
344	1659745	5521
345	1665266	5422
346	1670688	17798
347	1688486	211
348	1688697	216
349	1688913	208
350	1689121	221
353	1689342	213
355	1689555	221
367	1689776	2069
368	1691845	896
369	1692741	2429
370	1695170	1847
371	1697017	2741
373	1699758	2008
374	1701766	2383
376	1704149	2390
377	1706539	1684
378	1708223	1675
379	1709898	1341
380	1711239	5119
382	1716358	3560
383	1719918	2318
384	1722236	1307
385	1723543	3632
386	1727175	2159
387	1729334	4701
388	1734035	291
389	1734326	280
390	1734606	291
391	1734897	304
392	1735201	290
393	1735491	308
394	1735799	90
395	1735889	90
397	1735979	307
401	1736286	289
402	1736575	300
416	1736875	11129
417	1748004	3373
419	1751377	5370
421	1756747	5221
423	1761968	8039
424	1770007	11435
426	1781442	9239
427	1790681	18433
428	1809114	2258
431	1811372	6981
432	1818353	24114
433	1842467	24087
434	1866554	7381
435	1873935	12595
436	1886530	4463
437	1890993	11832
438	1902825	13905
440	1916730	1707
441	1918437	610
442	1919047	13925
443	1932972	13450
444	1946422	7538
445	1953960	29570
