1	0	4138
2	4138	2283
3	6421	2730
4	9151	4189
5	13340	8818
6	22158	5429
7	27587	245
8	27832	3286
9	31118	8601
10	39719	2749
11	42468	2401
12	44869	4312
13	49181	1990
14	51171	2687
15	53858	2118
16	55976	1420
17	57396	6600
18	63996	3277
19	67273	21047
20	88320	4877
21	93197	1611
22	94808	7387
23	102195	304
24	102499	36390
25	138889	6015
26	144904	4575
27	149479	5066
28	154545	2889
29	157434	1981
30	159415	10469
31	169884	2322
32	172206	4613
33	176819	7471
34	184290	5646
35	189936	6346
36	196282	5647
37	201929	7719
38	209648	10135
39	219783	11129
40	230912	13457
41	244369	6477
42	250846	14291
43	265137	14163
44	279300	794
45	280094	458
46	280552	302
47	280854	16356
48	297210	5334
49	302544	2310
50	304854	4283
51	309137	8603
52	317740	12566
53	330306	3006
54	333312	9140
55	342452	4457
56	346909	12616
57	359525	10189
58	369714	5419
59	375133	1958
60	377091	6973
61	384064	6440
62	390504	3944
63	394448	7843
64	402291	14084
65	416375	4551
66	420926	5639
67	426565	2124
68	428689	4167
69	432856	3896
70	436752	2858
71	439610	3129
72	442739	9387
73	452126	4568
74	456694	2884
75	459578	2380
76	461958	9636
77	471594	4700
78	476294	6061
79	482355	7132
80	489487	5266
81	494753	3593
82	498346	3730
83	502076	17362
84	519438	2396
85	521834	4427
86	526261	5854
87	532115	2494
88	534609	6474
89	541083	3575
90	544658	4917
91	549575	16103
92	565678	2572
93	568250	3204
94	571454	5184
95	576638	8956
96	585594	7046
97	592640	8782
98	601422	21617
99	623039	17850
100	640889	5381
101	646270	5083
102	651353	3956
103	655309	7029
104	662338	5860
105	668198	2695
106	670893	5040
107	675933	10050
108	685983	4490
109	690473	4634
110	695107	8057
111	703164	5598
112	708762	2398
113	711160	4461
114	715621	8179
115	723800	3923
116	727723	11533
117	739256	8880
118	748136	3941
119	752077	1901
120	753978	3984
121	757962	4396
122	762358	3485
123	765843	5497
124	771340	15794
125	787134	31767
126	818901	11796
127	830697	2816
128	833513	3535
129	837048	2194
130	839242	4108
131	843350	3571
132	846921	2482
133	849403	9570
134	858973	2622
135	861595	2927
136	864522	4144
137	868666	3559
138	872225	2897
139	875122	13620
140	888742	3387
141	892129	978
142	893107	3023
143	896130	4320
144	900450	3243
145	903693	9880
146	913573	7694
147	921267	5956
148	927223	8268
149	935491	26669
150	962160	12008
151	974168	15362
152	989530	40215
153	1029745	32908
154	1062653	4951
155	1067604	15289
156	1082893	23279
157	1106172	3623
158	1109795	2565
159	1112360	5105
160	1117465	3704
161	1121169	3794
162	1124963	4824
163	1129787	3711
164	1133498	3290
165	1136788	4541
166	1141329	2813
167	1144142	5012
168	1149154	8053
169	1157207	4648
170	1161855	3501
171	1165356	3938
172	1169294	5049
173	1174343	2252
174	1176595	1890
175	1178485	2506
176	1180991	4306
177	1185297	3300
178	1188597	3172
179	1191769	4251
180	1196020	2811
181	1198831	8386
182	1207217	4811
183	1212028	8197
184	1220225	10039
185	1230264	1304
186	1231568	7511
187	1239079	16477
188	1255556	6771
189	1262327	8756
190	1271083	5359
191	1276442	2689
192	1279131	1433
193	1280564	3831
194	1284395	3722
195	1288117	1500
196	1289617	9737
197	1299354	12153
198	1311507	8348
199	1319855	3526
200	1323381	4873
201	1328254	2091
202	1330345	2836
203	1333181	3184
204	1336365	24379
205	1360744	2013
206	1362757	2947
207	1365704	1153
208	1366857	2170
209	1369027	17666
210	1386693	14928
211	1401621	3836
212	1405457	821
213	1406278	1409
214	1407687	829
215	1408516	1484
216	1410000	817
217	1410817	830
218	1411647	1425
219	1413072	1433
220	1414505	1537
221	1416042	1548
222	1417590	874
223	1418464	1492
224	1419956	877
225	1420833	1500
226	1422333	1403
227	1423736	865
228	1424601	1428
229	1426029	866
230	1426895	871
231	1427766	1513
232	1429279	1511
233	1430790	1472
234	1432262	815
235	1433077	834
236	1433911	1430
237	1435341	866
238	1436207	1426
239	1437633	1408
240	1439041	1442
241	1440483	1424
242	1441907	1416
243	1443323	817
244	1444140	1477
245	1445617	1486
246	1447103	1360
247	1448463	1455
248	1449918	1501
249	1451419	818
250	1452237	1465
251	1453702	1687
252	1455389	1415
253	1456804	1473
254	1458277	1443
255	1459720	1431
256	1461151	1371
257	1462522	1378
258	1463900	882
259	1464782	1516
260	1466298	831
261	1467129	824
262	1467953	850
263	1468803	813
264	1469616	1535
265	1471151	823
266	1471974	824
267	1472798	1557
268	1474355	812
269	1475167	1464
270	1476631	1453
271	1478084	829
272	1478913	391
273	1479304	667
274	1479971	411
275	1480382	362
276	1480744	695
277	1481439	589
278	1482028	491
279	1482519	369
280	1482888	642
281	1483530	503
282	1484033	597
283	1484630	602
284	1485232	410
285	1485642	407
286	1486049	579
287	1486628	459
288	1487087	759
289	1487846	534
290	1488380	506
291	1488886	510
292	1489396	377
293	1489773	463
294	1490236	377
295	1490613	378
296	1490991	5484
297	1496475	420
298	1496895	406
299	1497301	431
300	1497732	465
301	1498197	387
302	1498584	6378
303	1504962	9972
304	1514934	7905
305	1522839	4344
306	1527183	6784
307	1533967	6238
308	1540205	3198
309	1543403	2555
310	1545958	1586
311	1547544	4020
312	1551564	3260
313	1554824	3848
314	1558672	2989
315	1561661	28746
316	1590407	7252
317	1597659	6270
318	1603929	1765
319	1605694	1800
320	1607494	1544
321	1609038	1225
322	1610263	10031
323	1620294	18614
324	1638908	11786
325	1650694	12158
326	1662852	9378
327	1672230	8847
328	1681077	7152
329	1688229	13994
330	1702223	16553
331	1718776	14699
332	1733475	14205
333	1747680	21574
334	1769254	21226
335	1790480	15195
336	1805675	17985
337	1823660	11147
338	1834807	12666
339	1847473	1201
340	1848674	5648
341	1854322	4151
342	1858473	5182
343	1863655	18817
344	1882472	5521
345	1887993	5422
346	1893415	17798
347	1911213	211
348	1911424	216
349	1911640	208
350	1911848	221
351	1912069	235
352	1912304	233
353	1912537	213
354	1912750	235
355	1912985	221
356	1913206	227
357	1913433	4463
358	1917896	11832
359	1929728	13905
360	1943633	3584
361	1947217	1707
362	1948924	610
363	1949534	13925
364	1963459	13450
365	1976909	7538
366	1984447	29570
367	2014017	2069
368	2016086	896
369	2016982	2429
370	2019411	1847
371	2021258	2741
372	2023999	3317
373	2027316	2008
374	2029324	2383
375	2031707	1670
376	2033377	2390
377	2035767	1684
378	2037451	1675
379	2039126	1341
380	2040467	5119
381	2045586	1527
382	2047113	3560
383	2050673	2318
384	2052991	1307
385	2054298	3632
386	2057930	2159
387	2060089	4701
388	2064790	291
389	2065081	280
390	2065361	291
391	2065652	304
392	2065956	290
393	2066246	308
394	2066554	90
395	2066644	90
396	2066734	308
397	2067042	307
398	2067349	337
399	2067686	296
400	2067982	361
401	2068343	289
402	2068632	300
403	2068932	281
404	2069213	289
405	2069502	299
406	2069801	313
407	2070114	274
408	2070388	274
409	2070662	331
410	2070993	295
411	2071288	257
412	2071545	295
413	2071840	292
414	2072132	322
415	2072454	325
416	2072779	11129
417	2083908	3373
418	2087281	7828
419	2095109	5370
420	2100479	11547
421	2112026	5221
422	2117247	16196
423	2133443	8039
424	2141482	11435
425	2152917	19992
426	2172909	9239
427	2182148	18433
428	2200581	2258
429	2202839	13022
430	2215861	10751
431	2226612	6981
432	2233593	24114
433	2257707	24087
434	2281794	7381
435	2289175	12595
436	2301770	4463
437	2306233	11832
438	2318065	13905
439	2331970	3584
440	2335554	1707
441	2337261	610
442	2337871	13925
443	2351796	13450
444	2365246	7538
445	2372784	29570
